<<100,56,58,97,110,110,111,117,110,99,101,55,55,58,104,116,116,112,58,47,47,
  116,114,97,99,107,101,114,46,108,105,110,107,111,109,97,110,105,106,97,46,
  111,114,103,58,50,55,49,48,47,102,98,51,52,49,48,57,99,48,100,55,99,57,53,56,
  51,97,97,51,101,49,48,54,57,57,52,52,100,101,50,101,102,47,97,110,110,111,
  117,110,99,101,49,48,58,99,114,101,97,116,101,100,32,98,121,50,50,58,76,77,
  32,116,111,114,114,101,110,116,32,101,100,105,116,111,114,32,118,48,46,49,49,
  51,58,99,114,101,97,116,105,111,110,32,100,97,116,101,105,49,52,54,51,53,53,
  56,53,51,49,101,52,58,105,110,102,111,100,53,58,102,105,108,101,115,108,100,
  54,58,108,101,110,103,116,104,105,52,56,101,52,58,112,97,116,104,108,50,53,
  58,103,105,114,111,46,49,54,48,56,46,55,50,48,112,45,119,104,101,101,108,115,
  46,110,102,111,101,101,100,54,58,108,101,110,103,116,104,105,53,54,50,50,48,
  55,48,51,49,53,101,52,58,112,97,116,104,108,53,50,58,71,105,114,111,46,100,
  46,73,116,97,108,105,97,46,50,48,49,54,46,83,116,97,103,101,48,56,46,55,50,
  48,112,46,72,68,84,86,46,120,50,54,52,45,87,72,69,69,76,83,46,109,107,118,
  101,101,101,52,58,110,97,109,101,52,57,58,71,105,114,111,46,100,46,73,116,97,
  108,105,97,46,50,48,49,54,46,83,116,97,103,101,48,56,46,55,50,48,112,46,72,
  68,84,86,46,120,50,54,52,45,87,72,69,69,76,83,95,49,50,58,112,105,101,99,101,
  32,108,101,110,103,116,104,105,49,48,52,56,53,55,54,101,54,58,112,105,101,99,
  101,115,49,48,55,50,52,48,58,88,255,44,135,212,86,127,83,80,187,59,255,58,22,
  146,53,37,128,127,187,42,231,32,76,238,218,93,64,18,197,76,159,44,202,249,
  146,146,162,117,63>>.
